CHR	POS	SNP	other_allele.exposure	effect_allele.exposure	beta.exposure	se.exposure	pval.exposure	eaf.exposure	samplesize.exposure	scale.exposure	polyg.exposure
1	1680219	rs1014988	G	A	-0.0107	0.0245	0.660693	0.51057	3301	1.0063	1.07079e-05
1	5680372	rs9329417	T	C	0.0137	0.0252	0.588844	0.50177	3301	1.0063	1.60333e-06
1	10549380	rs670666	A	G	-0.002	0.0248	0.933254	0.49788	3301	1.0063	8.99115e-06
1	20058523	rs6696124	A	G	0.0104	0.0277	0.707946	0.53318	3301	1.0063	4.81893e-07
1	24784197	rs195718	T	C	-0.0126	0.0252	0.616595	0.48675	3301	1.0063	4.18388e-06
1	31143035	rs1212652	A	G	0.0076	0.0248	0.758578	0.48129	3301	1.0063	3.57512e-06
1	34305089	rs1950894	T	C	-0.0456	0.0251	0.0691831	0.48993	3301	1.0063	6.50166e-06
1	34800325	rs1342165	A	G	0.0051	0.0254	0.851138	0.44765	3301	1.0063	1.94775e-06
1	44535401	rs11210949	T	C	-0.0227	0.0251	0.363078	0.5002	3301	1.0063	5.03298e-06
1	48606878	rs12741362	G	A	-0.0062	0.0246	0.794328	0.49215	3301	1.0063	9.77596e-06
1	49219384	rs1484412	G	A	-0.0508	0.025	0.042658	0.53915	3301	1.0063	1.10264e-05
1	61087726	rs2987775	A	G	0.0319	0.0251	0.204174	0.54647	3301	1.0063	9.72306e-06
1	62249367	rs12038135	G	T	0.0052	0.0256	0.831764	0.47115	3301	1.0063	2.40628e-06
1	74417742	rs2603541	A	G	0.0242	0.0248	0.331131	0.55261	3301	1.0063	8.66905e-06
1	79960198	rs1494857	T	G	-0.0126	0.0247	0.616595	0.44811	3301	1.0063	2.26689e-05
1	94219686	rs4847257	G	A	0.0238	0.0253	0.346737	0.48647	3301	1.0063	9.95504e-06
1	97463150	rs182358	C	T	-0.0516	0.0252	0.040738	0.50753	3301	1.0063	4.45684e-06
1	115876618	rs10776800	G	T	-0.016	0.0246	0.512861	0.50368	3301	1.0063	1.79187e-06
1	120297451	rs619167	A	G	0.0496	0.0255	0.0512861	0.4626	3301	1.0063	2.87176e-06
1	154693513	rs11264250	A	G	-0.0181	0.0273	0.501187	0.46897	3301	1.0063	8.60706e-07
1	163707894	rs12093985	A	G	0.0161	0.0248	0.512861	0.52567	3301	1.0063	1.01297e-05
1	173055352	rs2207061	G	A	0.0321	0.0245	0.190546	0.52108	3301	1.0063	3.98342e-06
1	179072728	rs3829794	T	C	-0.0228	0.0244	0.354813	0.50944	3301	1.0063	1.42627e-05
1	190670884	rs1998710	C	T	-0.0153	0.0245	0.537032	0.50463	3301	1.0063	2.02905e-05
1	193603469	rs2039759	C	T	0.0062	0.0247	0.794328	0.53982	3301	1.0063	1.44867e-05
1	207820313	rs11118242	A	G	0.0116	0.0251	0.645654	0.52158	3301	1.0063	9.29281e-06
1	208331649	rs11118996	A	C	-0.0251	0.0249	0.316228	0.46932	3301	1.0063	3.97965e-06
1	209214390	rs17013958	T	C	0.0251	0.0245	0.30903	0.5002	3301	1.0063	3.63367e-06
1	219346409	rs7533619	C	T	0.037	0.0249	0.138038	0.49228	3301	1.0063	1.22725e-05
1	223656537	rs10495209	C	T	-0.0349	0.0259	0.177828	0.48808	3301	1.0063	3.59446e-06
1	226266440	rs10915928	G	A	-0.019	0.0255	0.457088	0.54993	3301	1.0063	4.457e-06
1	227967938	rs10916207	G	A	-0.0035	0.0253	0.891251	0.504	3301	1.0063	1.3331e-05
1	235715523	rs14326	A	G	-0.004	0.025	0.870964	0.51452	3301	1.0063	4.58392e-06
1	238147112	rs12034310	G	A	0.016	0.025	0.524807	0.4978	3301	1.0063	1.03803e-05
1	238699875	rs491708	G	A	-0.0178	0.025	0.47863	0.49552	3301	1.0063	6.90562e-07
1	248569369	rs28599722	A	G	-0.0293	0.0246	0.234423	0.55379	3301	1.0063	1.59256e-05
2	1741126	rs6737978	A	G	-0.0448	0.0253	0.0758578	0.51352	3301	1.0063	4.24614e-06
2	2778016	rs2385315	A	G	0.0022	0.0255	0.933254	0.5145	3301	1.0063	2.01957e-06
2	14059044	rs930801	C	T	-0.0115	0.0255	0.645654	0.50001	3301	1.0063	5.38749e-06
2	18851257	rs2881318	A	G	-0.0094	0.025	0.707946	0.46472	3301	1.0063	6.32765e-06
2	24784168	rs7598617	T	C	-0.0353	0.0248	0.154882	0.51334	3301	1.0063	9.70456e-06
2	31742662	rs6732223	C	T	0.0609	0.0249	0.0144544	0.49267	3301	1.0063	1.84069e-05
2	43321225	rs1446571	A	G	-0.026	0.0251	0.301995	0.48258	3301	1.0063	2.48526e-06
2	44235304	rs6753050	A	G	0.0359	0.0249	0.147911	0.50638	3301	1.0063	9.70837e-06
2	56746524	rs10490407	C	T	0.0178	0.0246	0.467735	0.51733	3301	1.0063	2.81478e-05
2	60000720	rs2192512	T	C	0.009	0.0264	0.74131	0.46687	3301	1.0063	4.60911e-06
2	65008756	rs929698	A	C	0.0077	0.0257	0.758578	0.49349	3301	1.0063	2.07472e-06
2	75368797	rs975664	C	T	-0.0124	0.0252	0.616595	0.52605	3301	1.0063	3.46504e-06
2	75488736	rs1541578	C	T	-0.0041	0.0257	0.870964	0.50106	3301	1.0063	2.19107e-06
2	85986649	rs4832194	C	A	0.0066	0.0253	0.794328	0.5247	3301	1.0063	2.59482e-06
2	101117574	rs4851324	C	T	-0.029	0.025	0.245471	0.50126	3301	1.0063	1.13355e-05
2	104115429	rs6543213	A	G	0.0291	0.0248	0.239883	0.46904	3301	1.0063	2.35527e-05
2	105404967	rs435852	C	A	-0.0185	0.0255	0.467735	0.48786	3301	1.0063	5.06241e-06
2	117476586	rs7594984	T	C	-0.0349	0.025	0.162181	0.50329	3301	1.0063	1.24915e-05
2	125427543	rs11684957	A	G	0.0387	0.0251	0.123027	0.54182	3301	1.0063	1.08554e-05
2	134617106	rs6741098	A	G	-0.0375	0.0257	0.144544	0.47392	3301	1.0063	2.20895e-06
2	142557130	rs7594617	G	A	-0.0093	0.0243	0.707946	0.49075	3301	1.0063	6.27109e-06
2	146114898	rs4422110	C	T	-0.0297	0.0248	0.229087	0.53343	3301	1.0063	6.9375e-06
2	160834991	rs3828324	T	C	0.0587	0.0245	0.0165959	0.49106	3301	1.0063	1.52028e-05
2	175059701	rs4972643	C	T	0.0324	0.0247	0.186209	0.46802	3301	1.0063	1.34028e-05
2	184556456	rs1609331	G	A	0.0428	0.0249	0.0851138	0.53639	3301	1.0063	1.11125e-05
2	193668549	rs4850737	T	G	0.0114	0.0246	0.645654	0.47085	3301	1.0063	1.92726e-05
2	206058350	rs10932099	C	T	-0.0125	0.025	0.616595	0.4644	3301	1.0063	4.32569e-06
2	206965837	rs6718656	T	G	-0.0061	0.0249	0.812831	0.46116	3301	1.0063	1.08157e-05
2	218238881	rs12620884	G	A	-0.0062	0.0249	0.794328	0.50598	3301	1.0063	4.43761e-06
2	221157107	rs1454558	A	C	0.0694	0.0254	0.00616595	0.49398	3301	1.0063	1.00775e-05
2	225634693	rs1565073	T	G	0.0026	0.0255	0.912011	0.51452	3301	1.0063	5.36538e-06
2	234504098	rs1597944	C	T	0.0054	0.025	0.831764	0.52868	3301	1.0063	3.22569e-06
3	2340743	rs1178487	C	T	-0.0619	0.0256	0.0154882	0.45531	3301	1.0063	5.22226e-06
3	4304493	rs13063809	G	A	-0.0291	0.025	0.245471	0.48734	3301	1.0063	9.65537e-06
3	15378186	rs3852037	A	G	0.0074	0.0253	0.776247	0.48118	3301	1.0063	3.38543e-06
3	21650388	rs1379490	G	A	0.0229	0.0247	0.354813	0.49848	3301	1.0063	3.89492e-06
3	28703364	rs6549870	C	T	-0.0126	0.0246	0.60256	0.49791	3301	1.0063	3.40054e-06
3	31067452	rs294314	C	T	0.026	0.025	0.295121	0.47293	3301	1.0063	4.39365e-06
3	41531287	rs13099329	T	C	0.0505	0.0247	0.0416869	0.50022	3301	1.0063	2.26088e-05
3	49924424	rs11713193	G	A	0.0181	0.0245	0.457088	0.511	3301	1.0063	2.19334e-05
3	55212014	rs716384	T	C	0.0029	0.025	0.912011	0.48706	3301	1.0063	2.02422e-06
3	61673352	rs13074062	T	C	0.0213	0.0247	0.389045	0.46319	3301	1.0063	2.23833e-06
3	73412599	rs3905755	T	C	0.0248	0.0254	0.331131	0.44924	3301	1.0063	1.66846e-06
3	77675638	rs876675	C	T	0.0056	0.0251	0.831764	0.51246	3301	1.0063	5.97424e-06
3	89237732	rs4128782	A	G	-0.0268	0.025	0.281838	0.47787	3301	1.0063	1.63579e-05
3	94298117	rs4413314	C	T	0.0581	0.0244	0.017378	0.50985	3301	1.0063	1.75552e-05
3	100310812	rs6786853	T	C	-0.0073	0.0248	0.776247	0.51339	3301	1.0063	1.26756e-05
3	104530166	rs3996202	C	T	0.0033	0.0257	0.891251	0.4957	3301	1.0063	8.74474e-06
3	116825894	rs9836910	A	G	0.0002	0.0255	1	0.51909	3301	1.0063	2.60679e-06
3	122657204	rs2060090	C	T	-0.0217	0.025	0.380189	0.52539	3301	1.0063	4.22559e-06
3	131932053	rs884431	T	C	-0.0065	0.025	0.794328	0.49249	3301	1.0063	6.24182e-06
3	150031304	rs11712274	C	T	-0.0377	0.0263	0.151356	0.5449	3301	1.0063	1.86709e-06
3	162074782	rs6441449	G	A	0.0446	0.0251	0.0758578	0.48346	3301	1.0063	1.94915e-05
3	167812736	rs2280524	T	G	-0.0121	0.0251	0.630957	0.49546	3301	1.0063	3.30692e-06
3	173120103	rs536445	C	T	0.035	0.0248	0.158489	0.51729	3301	1.0063	2.53047e-06
3	176941772	rs9882192	A	C	-0.0339	0.0247	0.169824	0.44717	3301	1.0063	4.03464e-06
3	184499277	rs4686407	A	C	0.0149	0.0266	0.57544	0.49858	3301	1.0063	8.22234e-07
3	189847514	rs11706717	T	C	-0.0168	0.0249	0.501187	0.47781	3301	1.0063	5.29528e-06
4	4891148	rs6817411	C	T	0.0598	0.0253	0.018197	0.46245	3301	1.0063	4.21247e-06
4	6877902	rs6828754	C	T	-0.008	0.0254	0.758578	0.52053	3301	1.0063	1.91539e-06
4	14914978	rs10021661	A	G	-0.021	0.0249	0.398107	0.50551	3301	1.0063	3.91034e-06
4	17362949	rs11936614	G	A	0.0239	0.0252	0.346737	0.53012	3301	1.0063	5.11129e-06
4	28405478	rs1510705	A	G	-0.0318	0.0241	0.186209	0.51638	3301	1.0063	2.16622e-05
4	31302011	rs4441721	G	A	-0.0332	0.0254	0.190546	0.48579	3301	1.0063	5.15065e-06
4	41034075	rs1567231	A	G	-0.0456	0.0248	0.0660693	0.52262	3301	1.0063	5.04835e-06
4	49054680	rs2605232	T	G	-0.0061	0.0247	0.812831	0.49604	3301	1.0063	1.74026e-05
4	59631750	rs2044706	C	T	-0.0063	0.0253	0.812831	0.56059	3301	1.0063	1.70308e-05
4	65625413	rs13115899	A	G	0.0201	0.0251	0.426581	0.53268	3301	1.0063	1.01178e-05
4	68173959	rs6552083	T	C	-0.0352	0.0246	0.151356	0.48743	3301	1.0063	8.18789e-06
4	80545715	rs1371990	C	T	0.0414	0.025	0.0977237	0.45906	3301	1.0063	9.59688e-06
4	94609864	rs7669564	T	G	-0.0066	0.0242	0.794328	0.48207	3301	1.0063	6.0619e-06
4	101299450	rs12647890	T	C	-0.0028	0.0245	0.912011	0.51973	3301	1.0063	9.92169e-06
4	114108991	rs4834321	T	C	-0.0026	0.0253	0.912011	0.52571	3301	1.0063	2.93976e-06
4	122903090	rs11098653	C	T	0.0221	0.0245	0.363078	0.47407	3301	1.0063	5.85553e-06
4	124283138	rs1027374	C	T	0.0123	0.0258	0.630957	0.50342	3301	1.0063	9.84961e-06
4	135942872	rs7674512	C	T	0.0084	0.0246	0.74131	0.50598	3301	1.0063	3.19506e-06
4	137138361	rs12506698	T	C	0.0557	0.0243	0.0218776	0.49614	3301	1.0063	6.30857e-06
4	157388155	rs6836962	A	G	-0.0141	0.0251	0.57544	0.5169	3301	1.0063	6.32425e-06
4	169407947	rs2029386	A	G	0.0071	0.0247	0.776247	0.46313	3301	1.0063	3.71155e-06
4	170818615	rs4076940	T	C	0.0167	0.0247	0.501187	0.51035	3301	1.0063	9.21451e-06
4	177286573	rs1598100	A	G	0.0119	0.0256	0.645654	0.47413	3301	1.0063	3.77088e-06
4	183568059	rs12645356	T	C	-0.0364	0.0248	0.141254	0.48011	3301	1.0063	1.89825e-06
4	187313377	rs6817039	G	A	0.0135	0.0249	0.588844	0.48659	3301	1.0063	3.66231e-06
5	1932463	rs10058874	A	G	-0.0241	0.0253	0.338844	0.46437	3301	1.0063	3.35987e-06
5	3513485	rs698147	A	G	-0.0359	0.0246	0.144544	0.5386	3301	1.0063	4.22972e-06
5	13609488	rs10041466	G	A	-0.0335	0.0246	0.17378	0.48979	3301	1.0063	2.84018e-06
5	43598352	rs10059993	A	G	-0.0247	0.0249	0.323594	0.4855	3301	1.0063	1.71277e-05
5	52370174	rs3212591	G	A	0.0232	0.0247	0.346737	0.49168	3301	1.0063	6.82303e-06
5	55883187	rs13155854	C	T	0.0061	0.0274	0.831764	0.52106	3301	1.0063	6.70332e-07
5	56415072	rs831849	T	C	-0.0003	0.0246	1	0.48019	3301	1.0063	7.57773e-06
5	65185999	rs251312	T	C	-0.0249	0.0247	0.316228	0.56142	3301	1.0063	5.21818e-06
5	73277373	rs282381	G	A	0.0328	0.0249	0.186209	0.52164	3301	1.0063	7.46356e-06
5	79381796	rs2247450	T	C	0.0131	0.0247	0.60256	0.45406	3301	1.0063	5.63332e-06
5	96657483	rs2643467	A	C	0.0241	0.0248	0.331131	0.51459	3301	1.0063	2.48618e-05
5	103058990	rs3846624	T	C	0.0269	0.025	0.281838	0.47158	3301	1.0063	2.1502e-06
5	106918212	rs872240	A	G	0.0032	0.0257	0.891251	0.49794	3301	1.0063	3.2686e-06
5	107046317	rs6864800	C	A	-0.0103	0.0246	0.676083	0.50473	3301	1.0063	5.45487e-06
5	118464075	rs6880622	C	T	-0.015	0.0246	0.537032	0.48619	3301	1.0063	6.74242e-06
5	119982243	rs10434767	G	A	-0.0672	0.0247	0.00660693	0.49229	3301	1.0063	7.00838e-06
5	131743777	rs11242110	G	T	0.0317	0.0246	0.199526	0.53156	3301	1.0063	1.46685e-05
5	153665854	rs17553077	T	C	0.0278	0.0246	0.25704	0.48141	3301	1.0063	9.26621e-06
5	155978591	rs6874767	C	T	-0.0138	0.025	0.57544	0.49771	3301	1.0063	8.45547e-06
5	158883027	rs6869688	A	G	0.0105	0.0247	0.676083	0.47521	3301	1.0063	1.98047e-06
5	176859848	rs2731664	C	A	0.0134	0.0259	0.60256	0.51331	3301	1.0063	2.62843e-06
6	563013	rs3765437	C	T	0.0021	0.0249	0.933254	0.47729	3301	1.0063	3.18894e-06
6	1634601	rs2569859	A	C	0.0279	0.025	0.263027	0.50801	3301	1.0063	3.2858e-06
6	11319365	rs1883240	G	A	0.0384	0.0257	0.134896	0.47366	3301	1.0063	2.34836e-06
6	21947118	rs913568	C	T	0.0304	0.0253	0.229087	0.49949	3301	1.0063	2.38213e-06
6	33282181	rs3130099	A	G	-0.0322	0.0244	0.186209	0.49652	3301	1.0063	1.07477e-05
6	43737486	rs833061	C	T	-0.0292	0.0252	0.245471	0.50064	3301	1.0063	1.26843e-06
6	44138289	rs4711772	C	T	-0.0378	0.0244	0.120226	0.56225	3301	1.0063	1.60093e-06
6	46360297	rs9369616	A	G	0.0385	0.0249	0.123027	0.5357	3301	1.0063	9.1395e-06
6	58622318	rs2462785	C	A	-0.0294	0.0251	0.239883	0.53755	3301	1.0063	4.63857e-05
6	66091351	rs13196323	G	A	-0.0346	0.0253	0.169824	0.48725	3301	1.0063	1.03278e-05
6	73871994	rs952880	C	A	0.0086	0.025	0.724436	0.50158	3301	1.0063	2.94556e-06
6	79106046	rs236254	T	C	-0.0268	0.0247	0.275423	0.52389	3301	1.0063	1.21048e-05
6	89749105	rs205217	G	A	-0.0105	0.0257	0.676083	0.49927	3301	1.0063	6.64781e-06
6	99776986	rs6922449	A	G	-0.0116	0.0243	0.630957	0.47454	3301	1.0063	9.5421e-06
6	110846248	rs1989634	G	A	0.0264	0.0248	0.288403	0.50473	3301	1.0063	5.09566e-06
6	111897578	rs2235175	A	C	0.0199	0.0249	0.426581	0.49681	3301	1.0063	8.04237e-06
6	113622260	rs9285409	C	A	-0.0187	0.025	0.457088	0.48764	3301	1.0063	6.77138e-06
6	125253638	rs1889437	A	G	0.0458	0.0245	0.0616595	0.51878	3301	1.0063	4.00203e-06
6	126271503	rs9398792	C	T	0.011	0.0248	0.660693	0.49329	3301	1.0063	3.79027e-06
6	135545460	rs9321496	T	G	-0.0074	0.0255	0.776247	0.51384	3301	1.0063	1.74765e-06
6	151033086	rs6557086	T	C	0.0526	0.025	0.0354813	0.48972	3301	1.0063	3.21968e-06
6	153450489	rs611499	C	T	-0.0019	0.0249	0.933254	0.51415	3301	1.0063	7.49848e-06
6	170580521	rs7756780	T	C	-0.0149	0.0251	0.549541	0.47102	3301	1.0063	2.83156e-06
7	95673	rs12718078	C	T	-0.0447	0.0244	0.0676083	0.45445	3301	1.0063	5.33841e-06
7	1672540	rs10807969	C	T	0.0174	0.0247	0.47863	0.47015	3301	1.0063	5.48189e-06
7	17472880	rs9986681	T	C	0.0334	0.0247	0.177828	0.50515	3301	1.0063	5.70577e-06
7	21816118	rs7793481	A	G	-0.0102	0.0244	0.676083	0.51764	3301	1.0063	4.32653e-06
7	36200727	rs2726049	G	A	-0.0046	0.025	0.851138	0.50521	3301	1.0063	3.93616e-06
7	48051679	rs2708909	G	T	0.0147	0.0246	0.549541	0.49368	3301	1.0063	1.06674e-05
7	56160773	rs7801169	A	G	-0.0324	0.0244	0.186209	0.49552	3301	1.0063	1.436e-05
7	67382755	rs10242861	G	A	-0.0134	0.025	0.588844	0.50564	3301	1.0063	6.89161e-06
7	71404907	rs6460698	A	G	-0.0036	0.0251	0.891251	0.51653	3301	1.0063	4.5306e-06
7	83883994	rs526445	C	T	0.033	0.0246	0.18197	0.53372	3301	1.0063	4.2337e-06
7	94986180	rs4141217	C	T	0.0003	0.0249	1	0.47437	3301	1.0063	4.6849e-06
7	101230768	rs10242865	C	A	0.0157	0.0256	0.537032	0.48166	3301	1.0063	2.83945e-06
7	105592978	rs10244535	G	T	0.0615	0.025	0.0138038	0.512	3301	1.0063	2.44161e-06
7	122266911	rs2192017	T	C	-0.0414	0.0248	0.0954993	0.51743	3301	1.0063	8.35976e-06
7	128382511	rs339054	T	G	0.0184	0.0246	0.457088	0.51245	3301	1.0063	4.87392e-06
7	129210535	rs692489	G	A	-0.0084	0.0248	0.74131	0.49319	3301	1.0063	6.02081e-06
7	137136419	rs1528104	C	T	-0.0307	0.0247	0.213796	0.50775	3301	1.0063	4.36192e-06
7	139593026	rs4726434	A	C	0.0284	0.025	0.25704	0.48831	3301	1.0063	3.3789e-06
7	152561613	rs7792217	G	A	-0.056	0.0248	0.0245471	0.46952	3301	1.0063	3.27095e-06
7	156194185	rs7808581	C	T	-0.0005	0.0253	0.977237	0.45237	3301	1.0063	2.87615e-06
8	638873	rs1669665	C	A	-0.0172	0.0251	0.489779	0.50644	3301	1.0063	8.73309e-06
8	1375610	rs763869	G	A	-0.0202	0.0246	0.40738	0.49775	3301	1.0063	5.22121e-06
8	5400160	rs2693809	C	T	0.0155	0.0248	0.537032	0.53175	3301	1.0063	7.26849e-06
8	9298347	rs7006727	A	G	-0.004	0.0254	0.870964	0.50336	3301	1.0063	8.88452e-06
8	15036937	rs1457222	G	A	-0.051	0.0245	0.0371535	0.49647	3301	1.0063	8.47539e-06
8	25159885	rs907157	G	A	-0.0481	0.0275	0.0794328	0.45456	3301	1.0063	2.28349e-06
8	27745776	rs2685379	C	T	-0.0132	0.0254	0.60256	0.48531	3301	1.0063	6.71148e-06
8	33770070	rs11997175	C	T	-0.0173	0.0247	0.47863	0.5332	3301	1.0063	1.66065e-05
8	58463715	rs17223889	T	C	0.0087	0.0249	0.724436	0.47508	3301	1.0063	5.91627e-06
8	58878389	rs4237021	T	C	-0.0194	0.025	0.436516	0.48888	3301	1.0063	4.0521e-06
8	63449156	rs12544945	T	G	-0.0017	0.0247	0.954993	0.52222	3301	1.0063	1.03605e-05
8	72045541	rs7840218	A	G	-0.0206	0.0252	0.416869	0.53856	3301	1.0063	2.21569e-06
8	74360148	rs4738359	T	C	-0.0195	0.0253	0.436516	0.49641	3301	1.0063	6.1816e-06
8	80528973	rs7013510	G	A	-0.0053	0.0248	0.831764	0.51893	3301	1.0063	6.14261e-06
8	82953371	rs1507090	C	A	-0.0404	0.0252	0.109648	0.48325	3301	1.0063	6.96066e-06
8	92957051	rs10103701	G	A	0.0166	0.025	0.512861	0.47509	3301	1.0063	5.47285e-06
8	95935164	rs12548874	C	A	0.0062	0.0249	0.794328	0.47256	3301	1.0063	1.22569e-05
8	97517389	rs2439518	G	A	0.0222	0.0247	0.371535	0.4887	3301	1.0063	2.29907e-06
8	112615237	rs6994381	A	G	-0.0106	0.0246	0.660693	0.49986	3301	1.0063	1.9706e-05
8	118297208	rs1793707	T	C	0.0532	0.0256	0.0380189	0.51027	3301	1.0063	2.42373e-06
8	126604637	rs10086636	C	T	0.046	0.0251	0.0676083	0.46778	3301	1.0063	3.18152e-06
8	135196078	rs6985190	A	G	-0.0081	0.0247	0.74131	0.52195	3301	1.0063	5.99577e-06
8	138970102	rs9324466	C	T	-0.0347	0.0255	0.17378	0.46663	3301	1.0063	4.62521e-06
8	140991284	rs4736126	C	T	0.0081	0.0252	0.74131	0.48405	3301	1.0063	3.2202e-06
9	396380	rs10814731	A	G	0.0468	0.0248	0.0588844	0.49251	3301	1.0063	3.87056e-06
9	9054313	rs2225482	T	C	-0.0254	0.0249	0.30903	0.52202	3301	1.0063	1.90557e-06
9	14044604	rs10756525	C	T	-0.0232	0.0249	0.354813	0.52063	3301	1.0063	2.26452e-06
9	17771828	rs2224954	A	C	0.038	0.0247	0.123027	0.48302	3301	1.0063	8.11325e-06
9	19731896	rs1182654	C	T	-0.0065	0.026	0.794328	0.50586	3301	1.0063	4.08378e-06
9	30009947	rs2360197	A	G	-0.0204	0.0256	0.426581	0.49275	3301	1.0063	8.61751e-06
9	73751030	rs4745056	C	T	-0.0116	0.0255	0.645654	0.56612	3301	1.0063	8.23253e-06
9	74961974	rs9411051	A	G	-0.0172	0.0251	0.489779	0.51318	3301	1.0063	1.43268e-05
9	85601796	rs4385545	C	A	0.006	0.0245	0.812831	0.50908	3301	1.0063	6.01302e-06
9	89081586	rs460811	A	G	0.0005	0.0253	0.977237	0.51939	3301	1.0063	5.63939e-06
9	96514621	rs2490998	G	A	-0.0038	0.0247	0.870964	0.50968	3301	1.0063	8.16118e-06
9	109031079	rs10759172	T	C	0.0078	0.0256	0.758578	0.50633	3301	1.0063	5.46009e-06
9	111315597	rs10979398	A	G	-0.0265	0.0248	0.281838	0.47458	3301	1.0063	7.91326e-06
9	117256896	rs12551529	A	G	-0.0056	0.0249	0.831764	0.46646	3301	1.0063	4.66891e-06
9	117567137	rs7862325	T	C	-0.0456	0.0248	0.0660693	0.50885	3301	1.0063	3.18565e-06
9	130478653	rs3802357	G	A	0.0162	0.0245	0.512861	0.43544	3301	1.0063	5.94361e-06
10	2006209	rs7919602	T	G	-0.0051	0.0248	0.831764	0.50788	3301	1.0063	4.34958e-06
10	3792608	rs2279415	G	A	0.005	0.0256	0.851138	0.51176	3301	1.0063	2.48474e-06
10	7315089	rs10905141	C	T	0.0126	0.0247	0.616595	0.50841	3301	1.0063	3.77506e-06
10	12717333	rs10795975	T	C	-0.0415	0.0247	0.0933254	0.47752	3301	1.0063	5.29988e-06
10	23519600	rs10764396	C	T	-0.0003	0.0248	1	0.516	3301	1.0063	7.66826e-06
10	30168844	rs10508757	G	A	-0.0349	0.0248	0.158489	0.50613	3301	1.0063	1.83092e-06
10	50175821	rs11101573	A	C	-0.0513	0.0245	0.0363078	0.52345	3301	1.0063	5.24134e-06
10	50852183	rs4838541	C	T	-0.0114	0.0248	0.645654	0.51075	3301	1.0063	3.97668e-06
10	62745282	rs2163602	G	A	-0.024	0.0253	0.338844	0.48182	3301	1.0063	6.14025e-06
10	67066398	rs10822485	G	A	0.0026	0.0245	0.912011	0.47428	3301	1.0063	1.21321e-05
10	71534183	rs2704470	G	A	0.0105	0.0247	0.676083	0.54337	3301	1.0063	2.41422e-06
10	84643651	rs580333	G	A	-0.0407	0.0249	0.102329	0.49186	3301	1.0063	1.01398e-05
10	93577624	rs3802650	A	G	0.0083	0.0249	0.74131	0.47319	3301	1.0063	1.23503e-05
10	101292484	rs10883373	G	A	-0.0146	0.025	0.562341	0.50891	3301	1.0063	5.44436e-06
10	107579493	rs7096641	A	C	-0.0143	0.0249	0.562341	0.51603	3301	1.0063	5.32675e-06
10	114732882	rs7917983	T	C	-0.002	0.0253	0.933254	0.46419	3301	1.0063	1.94958e-06
10	132063889	rs2628152	A	G	0.0086	0.0251	0.74131	0.52832	3301	1.0063	5.48926e-06
10	133330352	rs7895295	T	C	-0.0303	0.0248	0.218776	0.53138	3301	1.0063	4.4684e-06
11	4560250	rs11032706	G	A	-0.0029	0.0249	0.912011	0.50963	3301	1.0063	1.23492e-05
11	6871746	rs959367	T	C	0.0225	0.0247	0.363078	0.47604	3301	1.0063	1.30013e-05
11	17496516	rs1048099	A	G	0.0161	0.0251	0.524807	0.5039	3301	1.0063	3.67951e-06
11	19038151	rs7114488	A	G	0.0031	0.0257	0.912011	0.48971	3301	1.0063	6.96934e-06
11	28537265	rs10501099	T	G	-0.0189	0.0251	0.446684	0.49545	3301	1.0063	1.71961e-05
11	30454395	rs487742	G	A	0.0039	0.0248	0.870964	0.51477	3301	1.0063	6.05568e-06
11	31896170	rs621611	A	G	0.004	0.0251	0.870964	0.48281	3301	1.0063	3.6907e-06
11	44017783	rs886198	C	T	-0.009	0.0249	0.724436	0.43987	3301	1.0063	4.32235e-06
11	50495703	rs1608273	T	C	0.0151	0.0246	0.537032	0.52467	3301	1.0063	0.000181967
11	61940106	rs1675090	G	A	0.0274	0.0245	0.263027	0.52825	3301	1.0063	5.69756e-06
11	63787389	rs570098	T	G	0.0107	0.025	0.676083	0.48862	3301	1.0063	5.76672e-06
11	72330467	rs458575	T	C	-0.0164	0.0246	0.501187	0.50158	3301	1.0063	3.807e-06
11	75862571	rs605771	T	G	-0.015	0.0247	0.537032	0.5282	3301	1.0063	3.72368e-06
11	76919478	rs948962	C	A	-0.0487	0.0254	0.0549541	0.46771	3301	1.0063	5.85678e-06
11	87157192	rs4127381	C	T	-0.0206	0.0255	0.416869	0.47336	3301	1.0063	6.20298e-06
11	93096135	rs1456242	A	G	0.0142	0.0249	0.562341	0.52583	3301	1.0063	9.64455e-06
11	94355314	rs621922	C	T	0.019	0.0249	0.446684	0.48276	3301	1.0063	3.6367e-06
11	110745376	rs929908	A	G	0.0172	0.0248	0.489779	0.49764	3301	1.0063	3.44852e-06
11	115081563	rs9645660	T	C	0.0327	0.0248	0.186209	0.46771	3301	1.0063	4.9529e-06
11	117335722	rs538847	T	C	-0.0229	0.0247	0.354813	0.50365	3301	1.0063	3.1926e-06
11	121335728	rs4936632	A	G	-0.023	0.0254	0.363078	0.51003	3301	1.0063	2.00697e-06
11	128500215	rs6590343	A	G	-0.0227	0.0244	0.354813	0.49854	3301	1.0063	2.05883e-06
11	132539936	rs2917584	C	A	-0.0099	0.0249	0.691831	0.50099	3301	1.0063	4.3224e-06
12	708597	rs11063806	G	A	-0.01	0.0247	0.691831	0.49899	3301	1.0063	3.46629e-06
12	3287279	rs878962	G	T	0.0203	0.0253	0.416869	0.51045	3301	1.0063	1.55947e-06
12	12274935	rs2284396	T	C	-0.0039	0.0257	0.870964	0.4831	3301	1.0063	4.88605e-06
12	24858390	rs1565122	G	A	0.0064	0.0248	0.794328	0.47994	3301	1.0063	3.67914e-06
12	27737074	rs7966539	T	C	-0.0029	0.0254	0.912011	0.5063	3301	1.0063	4.91929e-06
12	30966533	rs2352525	G	A	-0.0323	0.0253	0.199526	0.5021	3301	1.0063	6.26069e-06
12	41311466	rs11179042	C	T	-0.0005	0.0257	0.977237	0.44406	3301	1.0063	1.21298e-05
12	45838714	rs7307549	G	T	-0.0368	0.0254	0.147911	0.53816	3301	1.0063	6.40151e-06
12	52939828	rs10747642	C	T	0.0269	0.0248	0.281838	0.52072	3301	1.0063	3.62557e-06
12	56091617	rs2293412	A	G	0.0344	0.0248	0.165959	0.49263	3301	1.0063	3.51496e-06
12	60263226	rs10784009	A	G	-0.0349	0.0253	0.169824	0.47713	3301	1.0063	1.80323e-05
12	71629538	rs2870836	G	A	-0.0363	0.0244	0.138038	0.51136	3301	1.0063	5.8365e-06
12	91749981	rs1389058	A	G	0.0321	0.0253	0.204174	0.46485	3301	1.0063	4.68046e-06
12	96002310	rs7138694	C	T	0.0333	0.0248	0.177828	0.48157	3301	1.0063	3.07279e-06
12	96865979	rs7953936	T	C	-0.0258	0.0246	0.295121	0.53671	3301	1.0063	1.26848e-05
12	115494781	rs35507	G	A	-0.0254	0.0251	0.30903	0.53458	3301	1.0063	1.35023e-06
12	118865698	rs4304821	T	C	0.0085	0.0251	0.74131	0.45892	3301	1.0063	7.48824e-06
12	126250709	rs10773206	T	C	-0.0238	0.0256	0.354813	0.48716	3301	1.0063	1.08781e-05
13	21459802	rs7330520	A	G	0.0299	0.0249	0.229087	0.49954	3301	1.0063	1.25489e-05
13	24564790	rs754135	A	G	0.0186	0.0253	0.457088	0.49899	3301	1.0063	2.01241e-06
13	24711395	rs7325920	T	C	-0.0097	0.0252	0.707946	0.50994	3301	1.0063	4.62103e-06
13	25035239	rs2862901	T	C	0.0435	0.0245	0.0758578	0.53671	3301	1.0063	1.82835e-05
13	37679268	rs9576175	G	T	0.011	0.0245	0.660693	0.48653	3301	1.0063	8.01832e-06
13	46172828	rs3014940	C	T	0.0093	0.0251	0.707946	0.50279	3301	1.0063	3.94306e-06
13	62891233	rs965038	C	T	0.0163	0.0246	0.501187	0.53694	3301	1.0063	1.68239e-05
13	69802499	rs7139612	G	A	-0.0142	0.0253	0.57544	0.44095	3301	1.0063	1.44194e-05
13	74630607	rs9530271	G	T	-0.0011	0.0247	0.954993	0.48256	3301	1.0063	2.40962e-06
13	76337780	rs530855	A	C	-0.0015	0.0249	0.954993	0.50307	3301	1.0063	6.92647e-06
13	91448197	rs2152310	G	A	-0.0081	0.0252	0.74131	0.43517	3301	1.0063	5.5776e-06
13	93534948	rs6492630	A	G	0.0323	0.0246	0.190546	0.50794	3301	1.0063	9.495e-06
13	96691116	rs9556521	G	A	0.0489	0.0245	0.0467735	0.46324	3301	1.0063	2.11544e-05
13	99994030	rs877856	A	G	0.0623	0.0248	0.0120226	0.48753	3301	1.0063	8.54339e-06
13	106470913	rs9519798	A	G	-0.0399	0.0252	0.112202	0.49047	3301	1.0063	3.94861e-06
14	20731036	rs8003958	C	T	-0.0063	0.0256	0.812831	0.50241	3301	1.0063	1.35603e-06
14	22522126	rs2331489	A	C	0.0106	0.0247	0.676083	0.47544	3301	1.0063	5.61534e-06
14	23113646	rs9323178	A	G	0.0182	0.0257	0.47863	0.54409	3301	1.0063	3.59985e-06
14	27554812	rs6575421	C	A	-0.0114	0.0254	0.645654	0.47411	3301	1.0063	1.60918e-06
14	33274923	rs1950212	C	T	-0.0242	0.025	0.331131	0.49714	3301	1.0063	3.39505e-06
14	43948699	rs6572201	T	C	0.03	0.0246	0.223872	0.48847	3301	1.0063	1.72284e-05
14	47979263	rs8019551	G	A	-0.0191	0.0248	0.446684	0.47486	3301	1.0063	1.68977e-05
14	63252368	rs8014674	A	G	0.0032	0.0251	0.891251	0.53118	3301	1.0063	3.8151e-06
14	65859984	rs11158593	G	A	0.039	0.0251	0.120226	0.52145	3301	1.0063	1.38576e-05
14	68832967	rs8018477	A	G	-0.0412	0.0244	0.0912011	0.52996	3301	1.0063	5.70023e-06
14	75026597	rs1008007	G	A	-0.0199	0.0245	0.416869	0.49733	3301	1.0063	7.00802e-06
14	75906323	rs1126339	G	A	-0.0494	0.0247	0.0457088	0.51023	3301	1.0063	2.05522e-06
14	82510563	rs11626456	G	A	-0.0075	0.0253	0.758578	0.50722	3301	1.0063	2.30079e-06
14	99198268	rs11621847	A	C	0.019	0.0248	0.446684	0.51671	3301	1.0063	4.07249e-06
15	30963518	rs8026481	A	C	0.0102	0.0245	0.676083	0.52795	3301	1.0063	1.45439e-05
15	37451244	rs17439687	C	T	-0.0002	0.0268	1	0.49767	3301	1.0063	1.58467e-06
15	47971451	rs12902636	C	T	-0.0296	0.025	0.234423	0.50448	3301	1.0063	1.0628e-05
15	58616262	rs261282	T	C	-0.0172	0.0248	0.489779	0.53606	3301	1.0063	4.17426e-06
15	61682079	rs4775400	G	T	-0.0037	0.0251	0.891251	0.50183	3301	1.0063	3.32788e-06
15	68034150	rs12905397	T	C	0.0163	0.0249	0.512861	0.52327	3301	1.0063	1.23712e-05
15	74147244	rs1823718	A	G	0.0329	0.0245	0.177828	0.49193	3301	1.0063	5.39444e-06
15	76175128	rs4886748	C	A	-0.0107	0.0251	0.676083	0.51779	3301	1.0063	7.08867e-06
15	84274591	rs1896797	G	A	-0.0206	0.0249	0.40738	0.49533	3301	1.0063	8.55908e-06
15	86278479	rs16943741	A	G	-0.012	0.0249	0.630957	0.54441	3301	1.0063	1.16824e-05
15	89688115	rs8025377	T	C	-0.0374	0.0255	0.144544	0.49596	3301	1.0063	5.71502e-06
15	95335856	rs11073390	T	C	-0.0204	0.0253	0.416869	0.54687	3301	1.0063	3.37613e-06
15	102041143	rs746428	G	A	-0.0313	0.025	0.20893	0.4811	3301	1.0063	2.29185e-06
16	2006099	rs30254	C	T	-0.0341	0.0264	0.194984	0.51032	3301	1.0063	2.21595e-06
16	6266525	rs11077014	C	T	0.0016	0.026	0.954993	0.53393	3301	1.0063	1.77954e-06
16	12477223	rs2432625	C	T	0.0223	0.0245	0.363078	0.50353	3301	1.0063	7.28406e-06
16	13489119	rs4781458	A	G	0.0083	0.0249	0.74131	0.49259	3301	1.0063	4.21096e-06
16	19302326	rs179204	G	A	0.026	0.0255	0.30903	0.50003	3301	1.0063	4.07286e-06
16	31634221	rs12149755	A	G	0.0012	0.0252	0.954993	0.51285	3301	1.0063	5.45251e-06
16	57942866	rs437947	C	A	0.0037	0.0254	0.891251	0.51484	3301	1.0063	2.68692e-06
16	59476179	rs2062113	T	C	-0.0288	0.0249	0.245471	0.55492	3301	1.0063	9.77371e-06
16	70755144	rs17307464	G	A	0.0246	0.0247	0.316228	0.50793	3301	1.0063	5.97366e-06
16	73419727	rs8063372	G	T	0.0184	0.0245	0.457088	0.51262	3301	1.0063	3.56692e-06
16	78704199	rs1077963	T	C	-0.0669	0.0248	0.00707946	0.50994	3301	1.0063	3.33859e-06
16	85201405	rs8054322	G	A	0.0111	0.0248	0.660693	0.50048	3301	1.0063	2.47998e-06
17	6295959	rs7210130	C	T	0.0153	0.0252	0.537032	0.54145	3301	1.0063	2.31982e-06
17	6459079	rs11078638	C	T	-0.0185	0.0253	0.467735	0.52735	3301	1.0063	3.06124e-06
17	26688663	rs708100	G	A	0.0327	0.0245	0.18197	0.50863	3301	1.0063	5.14192e-06
17	29931617	rs223138	G	A	-0.0204	0.0259	0.426581	0.49354	3301	1.0063	1.89192e-06
17	31873984	rs1013626	C	T	-0.03	0.0245	0.223872	0.48924	3301	1.0063	5.78251e-06
17	40858841	rs2089115	T	C	0.0138	0.025	0.57544	0.53407	3301	1.0063	7.98633e-06
17	45575206	rs9901869	G	A	-0.0029	0.0247	0.912011	0.52131	3301	1.0063	1.79175e-05
17	61530211	rs4968777	T	C	-0.0154	0.0253	0.537032	0.51152	3301	1.0063	1.06653e-05
17	64130204	rs874618	G	A	0.0066	0.0252	0.794328	0.48214	3301	1.0063	6.34945e-06
17	75761003	rs7501958	C	T	0.0025	0.025	0.912011	0.4789	3301	1.0063	1.56977e-06
17	77335040	rs8076595	T	C	0.0081	0.0253	0.74131	0.50495	3301	1.0063	2.1273e-06
17	77422679	rs8076227	T	G	0.0206	0.0262	0.426581	0.53212	3301	1.0063	1.1677e-06
18	334742	rs2305027	C	T	0.0162	0.0258	0.524807	0.49558	3301	1.0063	1.30601e-06
18	6873354	rs2282522	G	A	-0.0159	0.025	0.524807	0.48707	3301	1.0063	2.599e-06
18	14904133	rs1356570	T	C	-0.006	0.025	0.812831	0.4879	3301	1.0063	1.64907e-05
18	22916791	rs11661958	T	G	0.0003	0.0244	1	0.48548	3301	1.0063	2.63052e-06
18	28048294	rs7230529	A	C	0.0203	0.0249	0.416869	0.50719	3301	1.0063	6.47349e-06
18	29580394	rs11662928	T	C	-0.0177	0.0253	0.489779	0.49661	3301	1.0063	2.87934e-06
18	43318644	rs11082467	T	C	-0.0243	0.0249	0.331131	0.46882	3301	1.0063	7.958e-06
18	54004926	rs9636077	A	C	0.0067	0.0246	0.776247	0.47083	3301	1.0063	5.93038e-06
18	56247180	rs9958735	T	C	-0.0116	0.0248	0.645654	0.50197	3301	1.0063	2.9752e-06
18	57927870	rs2125020	C	T	-0.0049	0.0247	0.851138	0.52532	3301	1.0063	3.61746e-06
18	67302612	rs12959721	A	G	-0.0012	0.0255	0.954993	0.54442	3301	1.0063	4.15968e-06
19	1101992	rs757228	A	G	0.0239	0.0251	0.338844	0.47571	3301	1.0063	3.1559e-06
19	8585167	rs2002073	A	C	0.032	0.0252	0.204174	0.47421	3301	1.0063	3.18664e-06
19	17239566	rs7254359	G	A	-0.0184	0.025	0.457088	0.49798	3301	1.0063	3.01331e-06
19	19866889	rs247784	G	T	0.027	0.025	0.281838	0.5195	3301	1.0063	3.96643e-06
19	31802550	rs10412617	A	G	-0.0171	0.0249	0.489779	0.5179	3301	1.0063	2.22113e-06
19	33735880	rs11671565	T	C	0.0041	0.0253	0.870964	0.4989	3301	1.0063	2.31036e-06
19	33877749	rs8111294	C	T	-0.017	0.0252	0.501187	0.4873	3301	1.0063	5.44122e-06
19	47980153	rs2293424	G	A	-0.0407	0.0258	0.114815	0.47272	3301	1.0063	2.67166e-06
19	48829228	rs8182501	T	C	0.0038	0.025	0.870964	0.53058	3301	1.0063	4.86184e-06
19	51365952	rs8112276	G	A	-0.0203	0.0256	0.426581	0.48446	3301	1.0063	1.97587e-06
20	1388219	rs4814229	G	A	0.0442	0.0245	0.0707946	0.49342	3301	1.0063	6.08281e-06
20	2126089	rs2153740	A	G	-0.0126	0.0252	0.616595	0.47685	3301	1.0063	4.6939e-06
20	5253641	rs6038108	T	C	0.0095	0.0249	0.707946	0.4909	3301	1.0063	1.12308e-05
20	16183972	rs3904199	A	G	-0.0202	0.025	0.416869	0.50495	3301	1.0063	3.27258e-06
20	21054993	rs6113120	G	A	-0.012	0.0253	0.630957	0.52247	3301	1.0063	9.73043e-06
20	29843182	rs6141536	A	G	-0.0058	0.025	0.812831	0.5062	3301	1.0063	2.77394e-05
20	43086992	rs6031612	T	C	0.001	0.0249	0.977237	0.47512	3301	1.0063	2.29405e-06
20	45472324	rs2151389	C	T	0.0227	0.025	0.363078	0.50083	3301	1.0063	3.70946e-06
20	55745681	rs10375	A	G	-0.0257	0.0255	0.30903	0.51049	3301	1.0063	3.57528e-06
20	60379718	rs6061834	G	T	0.0312	0.0271	0.251189	0.53922	3301	1.0063	7.81671e-07
21	15948846	rs2822776	C	T	-0.0071	0.0252	0.776247	0.48792	3301	1.0063	4.02163e-06
21	21635038	rs4818561	T	G	0.0028	0.0252	0.912011	0.5126	3301	1.0063	3.04812e-06
21	34244933	rs8131559	G	A	-0.0295	0.0247	0.229087	0.51428	3301	1.0063	7.77416e-06
21	39815212	rs2836400	T	C	0.0284	0.0248	0.251189	0.49365	3301	1.0063	1.37365e-06
22	19950235	rs4633	C	T	0.034	0.0248	0.169824	0.51013	3301	1.0063	3.37257e-06
22	27537502	rs956548	T	C	-0.0115	0.0251	0.645654	0.52016	3301	1.0063	9.45438e-07
22	38476579	rs5756908	C	T	-0.016	0.0248	0.512861	0.49277	3301	1.0063	7.7428e-06
22	44783779	rs19985	A	G	-0.0302	0.0252	0.229087	0.52536	3301	1.0063	2.17158e-06
