CHR	POS	SNP	other_allele.outcome	effect_allele.outcome	beta.outcome	se.outcome	pval.outcome	eaf.outcome	samplesize.outcome	scale.outcome	polyg.outcome
1	1680219	rs1014988	G	A	-0.00104909	0.000456882	0.0216656	0.510953	361194	1.0371	9.07213e-07
1	5680372	rs9329417	T	C	-9.87202e-06	0.000451424	0.982553	0.499296	361194	1.0371	1.35841e-07
1	10549380	rs670666	A	G	-0.000165469	0.000451142	0.713784	0.507065	361194	1.0371	7.61766e-07
1	20058523	rs6696124	A	G	0.000289764	0.000490489	0.554678	0.513635	361194	1.0371	4.08279e-08
1	24784197	rs195718	T	C	-0.000255067	0.000453146	0.573517	0.490627	361194	1.0371	3.54475e-07
1	31143035	rs1212652	A	G	-0.000703899	0.000452164	0.119535	0.485701	361194	1.0371	3.02899e-07
1	34305089	rs1950894	T	C	0.000135864	0.000452997	0.764237	0.487336	361194	1.0371	5.50847e-07
1	34800325	rs1342165	A	G	-0.000993126	0.000461337	0.0313422	0.444555	361194	1.0371	1.65021e-07
1	44535401	rs11210949	T	C	-0.000203543	0.000452924	0.653144	0.514815	361194	1.0371	4.26414e-07
1	48606878	rs12741362	G	A	-0.000447823	0.000452055	0.321862	0.49564	361194	1.0371	8.28259e-07
1	49219384	rs1484412	G	A	0.000920572	0.000457959	0.044415	0.545186	361194	1.0371	9.34201e-07
1	61087726	rs2987775	A	G	-0.00017419	0.000453405	0.700845	0.542869	361194	1.0371	8.23777e-07
1	62249367	rs12038135	G	T	2.06252e-05	0.000453382	0.963715	0.47041	361194	1.0371	2.03869e-07
1	74417742	rs2603541	A	G	0.000339156	0.000453803	0.454845	0.546972	361194	1.0371	7.34477e-07
1	79960198	rs1494857	T	G	-0.000250805	0.000453101	0.5799	0.443468	361194	1.0371	1.9206e-06
1	94219686	rs4847257	G	A	-0.000414495	0.000452593	0.359761	0.498874	361194	1.0371	8.43431e-07
1	97463150	rs182358	C	T	0.000256584	0.00045787	0.575217	0.511943	361194	1.0371	3.77602e-07
1	115876618	rs10776800	G	T	0.000807732	0.000450977	0.0732825	0.500687	361194	1.0371	1.51815e-07
1	120297451	rs619167	A	G	-6.12527e-05	0.00045365	0.892595	0.470752	361194	1.0371	2.43307e-07
1	154693513	rs11264250	A	G	-0.000227922	0.000467457	0.62585	0.463238	361194	1.0371	7.29225e-08
1	163707894	rs12093985	A	G	0.000190502	0.000452815	0.673971	0.538477	361194	1.0371	8.58232e-07
1	173055352	rs2207061	G	A	-3.26723e-05	0.000452163	0.942397	0.525329	361194	1.0371	3.37491e-07
1	179072728	rs3829794	T	C	-0.000625887	0.000451481	0.165657	0.510443	361194	1.0371	1.20839e-06
1	190670884	rs1998710	C	T	-7.59506e-05	0.000452324	0.866653	0.505373	361194	1.0371	1.71909e-06
1	193603469	rs2039759	C	T	0.00101992	0.000453724	0.0245844	0.538929	361194	1.0371	1.22737e-06
1	207820313	rs11118242	A	G	-0.000132012	0.000451824	0.770151	0.527585	361194	1.0371	7.87324e-07
1	208331649	rs11118996	A	C	0.000395346	0.00045378	0.38363	0.466636	361194	1.0371	3.37172e-07
1	209214390	rs17013958	T	C	0.000228023	0.000450963	0.613114	0.497067	361194	1.0371	3.07859e-07
1	219346409	rs7533619	C	T	0.000716152	0.000451167	0.112438	0.484147	361194	1.0371	1.03978e-06
1	223656537	rs10495209	C	T	0.000481848	0.000456054	0.290714	0.486057	361194	1.0371	3.04537e-07
1	226266440	rs10915928	G	A	0.000434719	0.000458494	0.343056	0.5681	361194	1.0371	3.77615e-07
1	227967938	rs10916207	G	A	-0.000289747	0.000454743	0.524017	0.521883	361194	1.0371	1.12946e-06
1	235715523	rs14326	A	G	-0.000311683	0.000454206	0.492578	0.522549	361194	1.0371	3.88368e-07
1	238147112	rs12034310	G	A	0.000779384	0.000451544	0.0843412	0.503568	361194	1.0371	8.79458e-07
1	238699875	rs491708	G	A	0.00135443	0.00045155	0.00270433	0.492918	361194	1.0371	5.85071e-08
1	248569369	rs28599722	A	G	0.00120179	0.000454485	0.00818653	0.560085	361194	1.0371	1.34928e-06
2	1741126	rs6737978	A	G	8.33373e-06	0.000452022	0.985291	0.514096	361194	1.0371	3.5975e-07
2	2778016	rs2385315	A	G	-0.000184199	0.0004556	0.685992	0.513392	361194	1.0371	1.71106e-07
2	14059044	rs930801	C	T	0.000364955	0.00045676	0.424287	0.492658	361194	1.0371	4.5645e-07
2	18851257	rs2881318	A	G	-0.000195595	0.000454098	0.666664	0.464086	361194	1.0371	5.36104e-07
2	24784168	rs7598617	T	C	7.106e-05	0.000451739	0.875006	0.506099	361194	1.0371	8.22209e-07
2	31742662	rs6732223	C	T	-0.000159427	0.000452625	0.724666	0.499097	361194	1.0371	1.5595e-06
2	43321225	rs1446571	A	G	-0.000735591	0.000454339	0.10544	0.476488	361194	1.0371	2.10561e-07
2	44235304	rs6753050	A	G	8.19086e-06	0.00045813	0.985735	0.515782	361194	1.0371	8.22532e-07
2	56746524	rs10490407	C	T	0.000672134	0.00045321	0.138062	0.524612	361194	1.0371	2.38479e-06
2	60000720	rs2192512	T	C	1.73521e-05	0.000458171	0.969789	0.463158	361194	1.0371	3.90502e-07
2	65008756	rs929698	A	C	-0.000397919	0.000456641	0.383533	0.503598	361194	1.0371	1.75778e-07
2	75368797	rs975664	C	T	0.000811679	0.000453993	0.0737989	0.533612	361194	1.0371	2.93572e-07
2	75488736	rs1541578	C	T	0.000157541	0.000453778	0.72846	0.499167	361194	1.0371	1.85637e-07
2	85986649	rs4832194	C	A	-0.000541595	0.000460094	0.239141	0.527145	361194	1.0371	2.19844e-07
2	101117574	rs4851324	C	T	-0.000269058	0.000450921	0.550718	0.50169	361194	1.0371	9.60388e-07
2	104115429	rs6543213	A	G	0.000356518	0.000452405	0.430667	0.460319	361194	1.0371	1.99548e-06
2	105404967	rs435852	C	A	0.00066791	0.000455047	0.142164	0.498223	361194	1.0371	4.28908e-07
2	117476586	rs7594984	T	C	-0.00104721	0.000452175	0.0205617	0.491792	361194	1.0371	1.05833e-06
2	125427543	rs11684957	A	G	-0.000129565	0.000455746	0.776186	0.544558	361194	1.0371	9.19711e-07
2	134617106	rs6741098	A	G	7.64411e-05	0.000456412	0.86699	0.46137	361194	1.0371	1.87151e-07
2	142557130	rs7594617	G	A	0.000379222	0.000451102	0.400541	0.482899	361194	1.0371	5.31312e-07
2	146114898	rs4422110	C	T	-0.000186935	0.000452401	0.679455	0.5329	361194	1.0371	5.87773e-07
2	160834991	rs3828324	T	C	-0.000860607	0.00045316	0.0575493	0.492336	361194	1.0371	1.28804e-06
2	175059701	rs4972643	C	T	-6.06271e-05	0.000452339	0.893379	0.466101	361194	1.0371	1.13554e-06
2	184556456	rs1609331	G	A	-0.000368097	0.000453982	0.417471	0.550673	361194	1.0371	9.41495e-07
2	193668549	rs4850737	T	G	0.000132407	0.000451907	0.769525	0.471917	361194	1.0371	1.63285e-06
2	206058350	rs10932099	C	T	0.00038438	0.00045518	0.398414	0.469106	361194	1.0371	3.6649e-07
2	206965837	rs6718656	T	G	0.000435947	0.000453164	0.336047	0.451081	361194	1.0371	9.16349e-07
2	218238881	rs12620884	G	A	-0.000994575	0.000453029	0.0281365	0.505295	361194	1.0371	3.75972e-07
2	221157107	rs1454558	A	C	0.000135633	0.000451609	0.763924	0.489138	361194	1.0371	8.53803e-07
2	225634693	rs1565073	T	G	-0.000184454	0.000453438	0.684162	0.52011	361194	1.0371	4.54576e-07
2	234504098	rs1597944	C	T	0.000352652	0.000451653	0.43492	0.529315	361194	1.0371	2.73293e-07
3	2340743	rs1178487	C	T	-9.58634e-05	0.000457237	0.833935	0.4438	361194	1.0371	4.42451e-07
3	4304493	rs13063809	G	A	-0.000281113	0.000450475	0.532603	0.483169	361194	1.0371	8.18042e-07
3	15378186	rs3852037	A	G	-7.89553e-06	0.000453401	0.986106	0.471866	361194	1.0371	2.86827e-07
3	21650388	rs1379490	G	A	0.000792759	0.000450691	0.0785814	0.502311	361194	1.0371	3.29993e-07
3	28703364	rs6549870	C	T	-0.000602171	0.000453179	0.183924	0.49458	361194	1.0371	2.88107e-07
3	31067452	rs294314	C	T	-0.000511476	0.000451664	0.257456	0.473048	361194	1.0371	3.72247e-07
3	41531287	rs13099329	T	C	-0.000988895	0.000450759	0.0282475	0.511039	361194	1.0371	1.91551e-06
3	49924424	rs11713193	G	A	0.000929608	0.000451129	0.0393396	0.51694	361194	1.0371	1.85829e-06
3	55212014	rs716384	T	C	-0.000513341	0.000453263	0.257406	0.492835	361194	1.0371	1.715e-07
3	61673352	rs13074062	T	C	3.46271e-05	0.00045185	0.938915	0.465847	361194	1.0371	1.8964e-07
3	73412599	rs3905755	T	C	-0.000841538	0.000460441	0.067599	0.440771	361194	1.0371	1.41359e-07
3	77675638	rs876675	C	T	0.000450636	0.000451547	0.318288	0.50173	361194	1.0371	5.06161e-07
3	89237732	rs4128782	A	G	0.00113139	0.000452498	0.0124088	0.48797	361194	1.0371	1.38591e-06
3	94298117	rs4413314	C	T	0.000187829	0.000452195	0.677869	0.525176	361194	1.0371	1.48735e-06
3	100310812	rs6786853	T	C	0.000187901	0.000452274	0.677807	0.517499	361194	1.0371	1.07393e-06
3	104530166	rs3996202	C	T	-0.000442847	0.000453685	0.329009	0.487829	361194	1.0371	7.4089e-07
3	116825894	rs9836910	A	G	2.4973e-05	0.000455736	0.9563	0.518514	361194	1.0371	2.20858e-07
3	122657204	rs2060090	C	T	0.000381722	0.000453865	0.400322	0.523273	361194	1.0371	3.58009e-07
3	131932053	rs884431	T	C	0.000585365	0.00045181	0.195114	0.506987	361194	1.0371	5.28832e-07
3	150031304	rs11712274	C	T	-0.000160324	0.000457135	0.725803	0.547445	361194	1.0371	1.58188e-07
3	162074782	rs6441449	G	A	0.000116041	0.000455327	0.798838	0.483256	361194	1.0371	1.6514e-06
3	167812736	rs2280524	T	G	-0.000222871	0.000454123	0.623587	0.496712	361194	1.0371	2.80175e-07
3	173120103	rs536445	C	T	0.000536199	0.000451814	0.23532	0.510697	361194	1.0371	2.14392e-07
3	176941772	rs9882192	A	C	0.000112911	0.000453235	0.803267	0.456791	361194	1.0371	3.41831e-07
3	184499277	rs4686407	A	C	-0.000588649	0.000464638	0.205193	0.51273	361194	1.0371	6.9663e-08
3	189847514	rs11706717	T	C	-0.000201885	0.000453316	0.656065	0.482629	361194	1.0371	4.48637e-07
4	4891148	rs6817411	C	T	0.000247534	0.000454074	0.585658	0.466087	361194	1.0371	3.56898e-07
4	6877902	rs6828754	C	T	-0.000313027	0.000454224	0.49073	0.517776	361194	1.0371	1.6228e-07
4	14914978	rs10021661	A	G	0.000123293	0.000452241	0.785142	0.509089	361194	1.0371	3.313e-07
4	17362949	rs11936614	G	A	0.000452766	0.000451421	0.315871	0.524649	361194	1.0371	4.33049e-07
4	28405478	rs1510705	A	G	-0.000540496	0.000452225	0.232013	0.52459	361194	1.0371	1.83531e-06
4	31302011	rs4441721	G	A	-0.000360005	0.000455323	0.429144	0.486704	361194	1.0371	4.36383e-07
4	41034075	rs1567231	A	G	-0.00146676	0.000452074	0.00117663	0.520772	361194	1.0371	4.27716e-07
4	49054680	rs2605232	T	G	-0.000750523	0.000453318	0.097798	0.490288	361194	1.0371	1.47441e-06
4	59631750	rs2044706	C	T	-2.4659e-05	0.000455349	0.956812	0.561874	361194	1.0371	1.44292e-06
4	65625413	rs13115899	A	G	-0.000631932	0.000451897	0.161994	0.540806	361194	1.0371	8.57222e-07
4	68173959	rs6552083	T	C	0.000671014	0.000450931	0.136735	0.487555	361194	1.0371	6.93711e-07
4	80545715	rs1371990	C	T	-0.000303892	0.000452589	0.501933	0.464002	361194	1.0371	8.13086e-07
4	94609864	rs7669564	T	G	-0.000360495	0.000453506	0.426668	0.48495	361194	1.0371	5.13588e-07
4	101299450	rs12647890	T	C	-0.00021732	0.000453133	0.631515	0.528759	361194	1.0371	8.40606e-07
4	114108991	rs4834321	T	C	0.000238227	0.00045331	0.599215	0.520359	361194	1.0371	2.49068e-07
4	122903090	rs11098653	C	T	0.000619448	0.000453555	0.172015	0.472064	361194	1.0371	4.96104e-07
4	124283138	rs1027374	C	T	0.000913392	0.000455485	0.0449304	0.517178	361194	1.0371	8.34499e-07
4	135942872	rs7674512	C	T	-0.000135593	0.000451998	0.764188	0.51499	361194	1.0371	2.70698e-07
4	137138361	rs12506698	T	C	0.000541654	0.000450758	0.2295	0.510078	361194	1.0371	5.34487e-07
4	157388155	rs6836962	A	G	0.000179816	0.000454788	0.692559	0.527319	361194	1.0371	5.35816e-07
4	169407947	rs2029386	A	G	-0.000189959	0.000452832	0.674857	0.473623	361194	1.0371	3.14458e-07
4	170818615	rs4076940	T	C	0.00023465	0.000451478	0.603245	0.512765	361194	1.0371	7.8069e-07
4	177286573	rs1598100	A	G	-9.17613e-06	0.000453518	0.983857	0.471105	361194	1.0371	3.19484e-07
4	183568059	rs12645356	T	C	0.000231765	0.000453471	0.609287	0.484115	361194	1.0371	1.60827e-07
4	187313377	rs6817039	G	A	0.000822669	0.000451783	0.0686167	0.476877	361194	1.0371	3.10286e-07
5	1932463	rs10058874	A	G	0.000202595	0.000454584	0.655836	0.4676	361194	1.0371	2.84662e-07
5	3513485	rs698147	A	G	-0.000131929	0.000453279	0.77101	0.543377	361194	1.0371	3.58359e-07
5	13609488	rs10041466	G	A	-0.000310869	0.000452089	0.491688	0.491237	361194	1.0371	2.40632e-07
5	43598352	rs10059993	A	G	-0.000218162	0.000451705	0.629113	0.493703	361194	1.0371	1.45113e-06
5	52370174	rs3212591	G	A	-0.000374676	0.000451467	0.406591	0.493613	361194	1.0371	5.78074e-07
5	55883187	rs13155854	C	T	0.000417155	0.000481178	0.385973	0.52186	361194	1.0371	5.67933e-08
5	56415072	rs831849	T	C	0.000191802	0.000451564	0.671018	0.477033	361194	1.0371	6.42015e-07
5	65185999	rs251312	T	C	0.000830896	0.000455056	0.0678625	0.560097	361194	1.0371	4.42105e-07
5	73277373	rs282381	G	A	-1.3042e-05	0.000452325	0.976998	0.527072	361194	1.0371	6.32343e-07
5	79381796	rs2247450	T	C	0.000368511	0.000454113	0.417082	0.451192	361194	1.0371	4.77278e-07
5	96657483	rs2643467	A	C	0.00028494	0.000451731	0.528189	0.524943	361194	1.0371	2.10639e-06
5	103058990	rs3846624	T	C	-0.000127566	0.000454138	0.778789	0.461443	361194	1.0371	1.82173e-07
5	106918212	rs872240	A	G	-0.00056599	0.000451953	0.210453	0.50048	361194	1.0371	2.76929e-07
5	107046317	rs6864800	C	A	-9.84752e-05	0.000451718	0.827428	0.508272	361194	1.0371	4.62158e-07
5	118464075	rs6880622	C	T	-0.000887848	0.000452032	0.0495165	0.497748	361194	1.0371	5.71245e-07
5	119982243	rs10434767	G	A	0.000391366	0.000451455	0.385998	0.498177	361194	1.0371	5.93778e-07
5	131743777	rs11242110	G	T	0.00016258	0.00045193	0.719038	0.528868	361194	1.0371	1.24278e-06
5	153665854	rs17553077	T	C	-0.000372872	0.000452682	0.410113	0.482186	361194	1.0371	7.8507e-07
5	155978591	rs6874767	C	T	-0.000445762	0.000451579	0.323586	0.508953	361194	1.0371	7.16381e-07
5	158883027	rs6869688	A	G	-0.000764622	0.000451624	0.0904461	0.482723	361194	1.0371	1.67793e-07
5	176859848	rs2731664	C	A	0.000170184	0.000457876	0.71013	0.526378	361194	1.0371	2.22691e-07
6	563013	rs3765437	C	T	-0.000326719	0.0004517	0.469489	0.473004	361194	1.0371	2.7018e-07
6	1634601	rs2569859	A	C	9.01921e-07	0.000452152	0.998408	0.507122	361194	1.0371	2.78386e-07
6	11319365	rs1883240	G	A	-0.000573343	0.000454774	0.20741	0.472158	361194	1.0371	1.98962e-07
6	21947118	rs913568	C	T	-0.000362346	0.000455775	0.426607	0.501164	361194	1.0371	2.01823e-07
6	33282181	rs3130099	A	G	0.000291718	0.000450909	0.51766	0.498386	361194	1.0371	9.10592e-07
6	43737486	rs833061	C	T	0.00120363	0.000451225	0.00764276	0.495782	361194	1.0371	1.07466e-07
6	44138289	rs4711772	C	T	-0.00117835	0.000455189	0.00963385	0.562738	361194	1.0371	1.35637e-07
6	46360297	rs9369616	A	G	-0.000849167	0.000453721	0.0612689	0.541999	361194	1.0371	7.74335e-07
6	58622318	rs2462785	C	A	0.000244583	0.00045468	0.590631	0.542566	361194	1.0371	3.92998e-06
6	66091351	rs13196323	G	A	3.17344e-06	0.000451429	0.994391	0.484656	361194	1.0371	8.75012e-07
6	73871994	rs952880	C	A	0.000102937	0.000451496	0.819653	0.492586	361194	1.0371	2.4956e-07
6	79106046	rs236254	T	C	-0.000723308	0.000452304	0.109785	0.52043	361194	1.0371	1.02556e-06
6	89749105	rs205217	G	A	-3.3844e-05	0.000455632	0.940788	0.49733	361194	1.0371	5.63229e-07
6	99776986	rs6922449	A	G	0.000384292	0.000451793	0.394996	0.481525	361194	1.0371	8.08445e-07
6	110846248	rs1989634	G	A	-0.00151312	0.000451269	0.000799392	0.502914	361194	1.0371	4.31724e-07
6	111897578	rs2235175	A	C	0.00120685	0.000452902	0.00770584	0.500326	361194	1.0371	6.81382e-07
6	113622260	rs9285409	C	A	-9.47347e-05	0.000451154	0.833681	0.487764	361194	1.0371	5.73699e-07
6	125253638	rs1889437	A	G	-0.000402342	0.000452223	0.373629	0.526957	361194	1.0371	3.39068e-07
6	126271503	rs9398792	C	T	-0.000465792	0.000454227	0.305146	0.498334	361194	1.0371	3.21127e-07
6	135545460	rs9321496	T	G	-4.63366e-05	0.000453706	0.918654	0.514405	361194	1.0371	1.48068e-07
6	151033086	rs6557086	T	C	-0.000109253	0.000451704	0.808882	0.498268	361194	1.0371	2.72784e-07
6	153450489	rs611499	C	T	-0.000853224	0.000452546	0.0593786	0.510466	361194	1.0371	6.35301e-07
6	170580521	rs7756780	T	C	0.000334533	0.000453238	0.460456	0.468488	361194	1.0371	2.39901e-07
7	95673	rs12718078	C	T	0.000897552	0.000452637	0.0473751	0.456051	361194	1.0371	4.52291e-07
7	1672540	rs10807969	C	T	0.000419348	0.000451907	0.353432	0.47824	361194	1.0371	4.64448e-07
7	17472880	rs9986681	T	C	6.53377e-06	0.000452775	0.988487	0.507524	361194	1.0371	4.83416e-07
7	21816118	rs7793481	A	G	-0.000797899	0.00045232	0.0777302	0.513129	361194	1.0371	3.66561e-07
7	36200727	rs2726049	G	A	0.000528831	0.000452342	0.242366	0.520879	361194	1.0371	3.33488e-07
7	48051679	rs2708909	G	T	0.000264549	0.000451701	0.558096	0.507909	361194	1.0371	9.03781e-07
7	56160773	rs7801169	A	G	-4.43237e-05	0.000450984	0.921708	0.48733	361194	1.0371	1.21664e-06
7	67382755	rs10242861	G	A	0.000523092	0.000451358	0.246486	0.508476	361194	1.0371	5.83885e-07
7	71404907	rs6460698	A	G	0.000365751	0.000451904	0.418311	0.514981	361194	1.0371	3.8385e-07
7	83883994	rs526445	C	T	0.000677962	0.000453622	0.135032	0.539351	361194	1.0371	3.58696e-07
7	94986180	rs4141217	C	T	-0.000151593	0.000451752	0.737198	0.47587	361194	1.0371	3.96924e-07
7	101230768	rs10242865	C	A	-0.000467545	0.000453014	0.302037	0.492332	361194	1.0371	2.4057e-07
7	105592978	rs10244535	G	T	-0.000288232	0.000452035	0.523714	0.515391	361194	1.0371	2.06863e-07
7	122266911	rs2192017	T	C	0.000299843	0.000451628	0.506744	0.510043	361194	1.0371	7.08273e-07
7	128382511	rs339054	T	G	-0.000207688	0.00045067	0.644911	0.506337	361194	1.0371	4.12938e-07
7	129210535	rs692489	G	A	0.000255254	0.000452908	0.573033	0.489849	361194	1.0371	5.10107e-07
7	137136419	rs1528104	C	T	0.000659579	0.00045121	0.143797	0.508007	361194	1.0371	3.69559e-07
7	139593026	rs4726434	A	C	8.56948e-05	0.00045197	0.849621	0.483789	361194	1.0371	2.86274e-07
7	152561613	rs7792217	G	A	8.79248e-06	0.000452717	0.984505	0.463563	361194	1.0371	2.77128e-07
7	156194185	rs7808581	C	T	7.02764e-05	0.000457196	0.877837	0.447084	361194	1.0371	2.43679e-07
8	638873	rs1669665	C	A	-0.000160507	0.000452727	0.72294	0.507803	361194	1.0371	7.39902e-07
8	1375610	rs763869	G	A	0.000230246	0.000451957	0.610443	0.48827	361194	1.0371	4.42362e-07
8	5400160	rs2693809	C	T	-0.000939175	0.000452919	0.0381171	0.528762	361194	1.0371	6.15815e-07
8	9298347	rs7006727	A	G	-2.78122e-05	0.000452679	0.951009	0.511998	361194	1.0371	7.52732e-07
8	15036937	rs1457222	G	A	-0.0003524	0.000451531	0.435123	0.498454	361194	1.0371	7.18069e-07
8	25159885	rs907157	G	A	-0.000580317	0.000456236	0.203385	0.464084	361194	1.0371	1.93466e-07
8	27745776	rs2685379	C	T	-0.000113258	0.000452841	0.802506	0.477343	361194	1.0371	5.68623e-07
8	33770070	rs11997175	C	T	0.000187161	0.000451178	0.678269	0.522145	361194	1.0371	1.40697e-06
8	58463715	rs17223889	T	C	-0.000137869	0.000451257	0.759967	0.480456	361194	1.0371	5.0125e-07
8	58878389	rs4237021	T	C	-0.000458767	0.000452517	0.310674	0.485568	361194	1.0371	3.4331e-07
8	63449156	rs12544945	T	G	-0.000150779	0.000451518	0.738426	0.530237	361194	1.0371	8.7778e-07
8	72045541	rs7840218	A	G	0.000736993	0.000453994	0.104514	0.536049	361194	1.0371	1.87722e-07
8	74360148	rs4738359	T	C	-8.14272e-05	0.000453366	0.857462	0.504074	361194	1.0371	5.2373e-07
8	80528973	rs7013510	G	A	0.00139987	0.000453382	0.0020179	0.519018	361194	1.0371	5.20426e-07
8	82953371	rs1507090	C	A	0.000664654	0.000453132	0.142431	0.489205	361194	1.0371	5.89735e-07
8	92957051	rs10103701	G	A	2.57105e-05	0.000452343	0.954674	0.473366	361194	1.0371	4.63682e-07
8	95935164	rs12548874	C	A	-0.00102924	0.000453012	0.0230882	0.469006	361194	1.0371	1.03845e-06
8	97517389	rs2439518	G	A	0.000292545	0.000451746	0.517252	0.501752	361194	1.0371	1.94786e-07
8	112615237	rs6994381	A	G	0.000645757	0.000455264	0.156069	0.496344	361194	1.0371	1.66957e-06
8	118297208	rs1793707	T	C	0.000209226	0.00046871	0.655318	0.505044	361194	1.0371	2.05349e-07
8	126604637	rs10086636	C	T	-0.00121309	0.000452987	0.0074073	0.471571	361194	1.0371	2.69551e-07
8	135196078	rs6985190	A	G	8.00888e-05	0.000451507	0.859209	0.520091	361194	1.0371	5.07986e-07
8	138970102	rs9324466	C	T	0.00052145	0.000455573	0.252374	0.446142	361194	1.0371	3.91866e-07
8	140991284	rs4736126	C	T	0.00110004	0.000452599	0.0150786	0.471617	361194	1.0371	2.72828e-07
9	396380	rs10814731	A	G	0.000105683	0.000453942	0.815908	0.493617	361194	1.0371	3.2793e-07
9	9054313	rs2225482	T	C	-6.84362e-05	0.000451918	0.879632	0.525814	361194	1.0371	1.61447e-07
9	14044604	rs10756525	C	T	0.000332181	0.000452748	0.463133	0.528007	361194	1.0371	1.91859e-07
9	17771828	rs2224954	A	C	-0.000404533	0.000451078	0.369819	0.487024	361194	1.0371	6.87387e-07
9	19731896	rs1182654	C	T	0.000845565	0.000463117	0.0678797	0.511042	361194	1.0371	3.45994e-07
9	30009947	rs2360197	A	G	-5.60073e-05	0.000451945	0.901375	0.484265	361194	1.0371	7.3011e-07
9	73751030	rs4745056	C	T	-6.92228e-05	0.00045553	0.879218	0.561189	361194	1.0371	6.97493e-07
9	74961974	rs9411051	A	G	-0.000466854	0.000450873	0.300462	0.506404	361194	1.0371	1.21382e-06
9	85601796	rs4385545	C	A	6.48385e-05	0.000451124	0.885717	0.509673	361194	1.0371	5.09448e-07
9	89081586	rs460811	A	G	-0.000656656	0.000453679	0.147785	0.508963	361194	1.0371	4.77791e-07
9	96514621	rs2490998	G	A	0.000490814	0.000452966	0.278562	0.510692	361194	1.0371	6.91448e-07
9	109031079	rs10759172	T	C	0.000164573	0.000461443	0.721355	0.509724	361194	1.0371	4.62601e-07
9	111315597	rs10979398	A	G	8.46861e-06	0.000451576	0.985038	0.469995	361194	1.0371	6.70443e-07
9	117256896	rs12551529	A	G	0.000720535	0.000452861	0.111594	0.462587	361194	1.0371	3.95569e-07
9	117567137	rs7862325	T	C	0.000501428	0.000452244	0.267536	0.510863	361194	1.0371	2.69901e-07
9	130478653	rs3802357	G	A	-0.00102231	0.000455594	0.0248388	0.433453	361194	1.0371	5.03566e-07
10	2006209	rs7919602	T	G	0.000294218	0.000455426	0.518262	0.497077	361194	1.0371	3.68514e-07
10	3792608	rs2279415	G	A	3.95528e-05	0.00046863	0.932738	0.470106	361194	1.0371	2.10517e-07
10	7315089	rs10905141	C	T	0.000351006	0.000451684	0.437097	0.505936	361194	1.0371	3.19838e-07
10	12717333	rs10795975	T	C	-0.000777528	0.00045098	0.0846935	0.483147	361194	1.0371	4.49027e-07
10	23519600	rs10764396	C	T	-0.00052762	0.000451885	0.24297	0.505153	361194	1.0371	6.49686e-07
10	30168844	rs10508757	G	A	-0.000451289	0.000451299	0.317321	0.50887	361194	1.0371	1.55123e-07
10	50175821	rs11101573	A	C	-0.000154026	0.000451451	0.732968	0.523114	361194	1.0371	4.44067e-07
10	50852183	rs4838541	C	T	-0.000324873	0.000451038	0.471354	0.499934	361194	1.0371	3.3692e-07
10	62745282	rs2163602	G	A	-4.43139e-05	0.000452239	0.921942	0.487885	361194	1.0371	5.20227e-07
10	67066398	rs10822485	G	A	4.54629e-05	0.000452431	0.919959	0.478938	361194	1.0371	1.02788e-06
10	71534183	rs2704470	G	A	-0.000538365	0.000452732	0.234382	0.550613	361194	1.0371	2.04543e-07
10	84643651	rs580333	G	A	0.000566512	0.000452555	0.210641	0.496629	361194	1.0371	8.59082e-07
10	93577624	rs3802650	A	G	0.000245711	0.00045137	0.586189	0.476602	361194	1.0371	1.04637e-06
10	101292484	rs10883373	G	A	0.00032576	0.000451041	0.470147	0.514605	361194	1.0371	4.61268e-07
10	107579493	rs7096641	A	C	0.000179603	0.000451603	0.69085	0.51294	361194	1.0371	4.51304e-07
10	114732882	rs7917983	T	C	0.000380666	0.000452079	0.399769	0.465647	361194	1.0371	1.65176e-07
10	132063889	rs2628152	A	G	-0.000387645	0.000453328	0.392491	0.530046	361194	1.0371	4.65072e-07
10	133330352	rs7895295	T	C	0.0010714	0.000452074	0.0177902	0.53148	361194	1.0371	3.7858e-07
11	4560250	rs11032706	G	A	-3.43732e-05	0.000451173	0.939271	0.50787	361194	1.0371	1.04627e-06
11	6871746	rs959367	T	C	9.61878e-05	0.00045219	0.831549	0.480214	361194	1.0371	1.10152e-06
11	17496516	rs1048099	A	G	0.000665864	0.0004506	0.139482	0.493217	361194	1.0371	3.11743e-07
11	19038151	rs7114488	A	G	0.00010947	0.000452431	0.808811	0.492777	361194	1.0371	5.9047e-07
11	28537265	rs10501099	T	G	-0.00134909	0.000452528	0.00287105	0.503051	361194	1.0371	1.45693e-06
11	30454395	rs487742	G	A	-0.000614381	0.00045131	0.173411	0.517294	361194	1.0371	5.13061e-07
11	31896170	rs621611	A	G	0.00067836	0.000454925	0.135924	0.482374	361194	1.0371	3.12691e-07
11	44017783	rs886198	C	T	0.000527627	0.000455107	0.246315	0.442203	361194	1.0371	3.66207e-07
11	50495703	rs1608273	T	C	3.72493e-05	0.000451474	0.934244	0.526356	361194	1.0371	1.54169e-05
11	61940106	rs1675090	G	A	0.00053999	0.000452388	0.232618	0.538928	361194	1.0371	4.8272e-07
11	63787389	rs570098	T	G	0.000401306	0.000450919	0.373481	0.475716	361194	1.0371	4.8858e-07
11	72330467	rs458575	T	C	-0.000157884	0.000450612	0.726057	0.494701	361194	1.0371	3.22544e-07
11	75862571	rs605771	T	G	0.000390393	0.000452742	0.388531	0.528656	361194	1.0371	3.15485e-07
11	76919478	rs948962	C	A	0.000304548	0.000450544	0.499069	0.466467	361194	1.0371	4.9621e-07
11	87157192	rs4127381	C	T	-0.000496381	0.000453242	0.273439	0.458611	361194	1.0371	5.25541e-07
11	93096135	rs1456242	A	G	0.000765572	0.000452205	0.0904607	0.524955	361194	1.0371	8.17125e-07
11	94355314	rs621922	C	T	-0.000284157	0.000451946	0.52952	0.490096	361194	1.0371	3.08116e-07
11	110745376	rs929908	A	G	-0.000416756	0.000450631	0.355056	0.491655	361194	1.0371	2.92173e-07
11	115081563	rs9645660	T	C	-0.00140592	0.000454244	0.00196771	0.469087	361194	1.0371	4.1963e-07
11	117335722	rs538847	T	C	0.000590047	0.000451461	0.191223	0.513795	361194	1.0371	2.7049e-07
11	121335728	rs4936632	A	G	0.000527819	0.000454877	0.245904	0.504675	361194	1.0371	1.70039e-07
11	128500215	rs6590343	A	G	-0.000104792	0.000450962	0.816247	0.501625	361194	1.0371	1.74432e-07
11	132539936	rs2917584	C	A	-0.000137751	0.000453539	0.761339	0.502069	361194	1.0371	3.66211e-07
12	708597	rs11063806	G	A	1.14732e-05	0.00045198	0.979748	0.498052	361194	1.0371	2.93678e-07
12	3287279	rs878962	G	T	-4.43104e-05	0.000453083	0.922093	0.516634	361194	1.0371	1.32125e-07
12	12274935	rs2284396	T	C	-0.000248764	0.000454863	0.58445	0.481215	361194	1.0371	4.13965e-07
12	24858390	rs1565122	G	A	0.000582891	0.00045227	0.197465	0.477378	361194	1.0371	3.11712e-07
12	27737074	rs7966539	T	C	0.000144734	0.000455072	0.75045	0.511383	361194	1.0371	4.16782e-07
12	30966533	rs2352525	G	A	-3.21577e-05	0.000453798	0.943506	0.507513	361194	1.0371	5.30431e-07
12	41311466	rs11179042	C	T	-0.000231219	0.000456628	0.612604	0.434587	361194	1.0371	1.02768e-06
12	45838714	rs7307549	G	T	0.000238316	0.000456715	0.601807	0.544173	361194	1.0371	5.42361e-07
12	52939828	rs10747642	C	T	0.000530503	0.000450996	0.239479	0.514144	361194	1.0371	3.07172e-07
12	56091617	rs2293412	A	G	0.000293111	0.000451338	0.516062	0.493257	361194	1.0371	2.97801e-07
12	60263226	rs10784009	A	G	-0.000455701	0.000453805	0.315293	0.479351	361194	1.0371	1.52777e-06
12	71629538	rs2870836	G	A	0.000450829	0.000452141	0.318717	0.519229	361194	1.0371	4.94492e-07
12	91749981	rs1389058	A	G	9.99092e-05	0.000453716	0.825714	0.478445	361194	1.0371	3.96547e-07
12	96002310	rs7138694	C	T	-2.61672e-05	0.00045107	0.95374	0.489076	361194	1.0371	2.60339e-07
12	96865979	rs7953936	T	C	-0.000593656	0.000451868	0.18892	0.52842	361194	1.0371	1.07471e-06
12	115494781	rs35507	G	A	-0.000459711	0.00045221	0.30935	0.528129	361194	1.0371	1.14397e-07
12	118865698	rs4304821	T	C	0.00038969	0.000453185	0.389849	0.461032	361194	1.0371	6.34433e-07
12	126250709	rs10773206	T	C	0.000164596	0.000452367	0.715967	0.500494	361194	1.0371	9.21633e-07
13	21459802	rs7330520	A	G	0.000577369	0.000451056	0.200533	0.504043	361194	1.0371	1.06319e-06
13	24564790	rs754135	A	G	-0.000694017	0.000453516	0.125942	0.504973	361194	1.0371	1.70499e-07
13	24711395	rs7325920	T	C	0.000223034	0.000454278	0.623453	0.517163	361194	1.0371	3.91512e-07
13	25035239	rs2862901	T	C	-0.000166159	0.00045338	0.714	0.539324	361194	1.0371	1.54905e-06
13	37679268	rs9576175	G	T	2.71318e-05	0.000450836	0.952011	0.479679	361194	1.0371	6.79345e-07
13	46172828	rs3014940	C	T	-0.000532089	0.000451706	0.238815	0.504187	361194	1.0371	3.34072e-07
13	62891233	rs965038	C	T	0.000200308	0.000452988	0.65835	0.531762	361194	1.0371	1.42538e-06
13	69802499	rs7139612	G	A	-0.000210589	0.000457204	0.645085	0.450789	361194	1.0371	1.22167e-06
13	74630607	rs9530271	G	T	0.000201768	0.000453106	0.656104	0.481321	361194	1.0371	2.04153e-07
13	76337780	rs530855	A	C	0.00057408	0.000451638	0.203692	0.509236	361194	1.0371	5.86838e-07
13	91448197	rs2152310	G	A	-0.000555461	0.000456827	0.22402	0.433978	361194	1.0371	4.72557e-07
13	93534948	rs6492630	A	G	-0.000463653	0.000452154	0.30516	0.510655	361194	1.0371	8.04454e-07
13	96691116	rs9556521	G	A	-0.000336938	0.000452559	0.456564	0.457713	361194	1.0371	1.79228e-06
13	99994030	rs877856	A	G	0.000675702	0.000451842	0.134801	0.495636	361194	1.0371	7.23831e-07
13	106470913	rs9519798	A	G	-0.000442632	0.000453822	0.329391	0.490369	361194	1.0371	3.34542e-07
14	20731036	rs8003958	C	T	-0.000166232	0.00046085	0.718318	0.492061	361194	1.0371	1.14889e-07
14	22522126	rs2331489	A	C	-0.000799008	0.00045136	0.0766902	0.473843	361194	1.0371	4.75754e-07
14	23113646	rs9323178	A	G	0.000752238	0.000457766	0.100326	0.540614	361194	1.0371	3.04994e-07
14	27554812	rs6575421	C	A	0.000478652	0.000458459	0.296465	0.471405	361194	1.0371	1.36337e-07
14	33274923	rs1950212	C	T	0.000913016	0.000452076	0.043425	0.502993	361194	1.0371	2.87642e-07
14	43948699	rs6572201	T	C	-0.000140774	0.000451637	0.755271	0.484548	361194	1.0371	1.45966e-06
14	47979263	rs8019551	G	A	-0.000544375	0.000452	0.228448	0.480882	361194	1.0371	1.43164e-06
14	63252368	rs8014674	A	G	-8.09681e-05	0.000454821	0.858706	0.531941	361194	1.0371	3.23231e-07
14	65859984	rs11158593	G	A	-0.000312187	0.000453485	0.491191	0.532984	361194	1.0371	1.17408e-06
14	68832967	rs8018477	A	G	0.000270712	0.000451985	0.549215	0.527142	361194	1.0371	4.82946e-07
14	75026597	rs1008007	G	A	-0.000611767	0.000453934	0.177756	0.501795	361194	1.0371	5.93747e-07
14	75906323	rs1126339	G	A	0.000104857	0.000451285	0.816265	0.51752	361194	1.0371	1.74126e-07
14	82510563	rs11626456	G	A	0.000254803	0.000452958	0.573754	0.51558	361194	1.0371	1.94932e-07
14	99198268	rs11621847	A	C	-2.5465e-05	0.000451948	0.955067	0.523116	361194	1.0371	3.45038e-07
15	30963518	rs8026481	A	C	-0.000230438	0.00045062	0.609087	0.526737	361194	1.0371	1.23222e-06
15	37451244	rs17439687	C	T	0.000460698	0.000467682	0.324593	0.50871	361194	1.0371	1.3426e-07
15	47971451	rs12902636	C	T	0.000453016	0.000452742	0.317019	0.504057	361194	1.0371	9.0045e-07
15	58616262	rs261282	T	C	0.000116203	0.000453904	0.797945	0.537792	361194	1.0371	3.5366e-07
15	61682079	rs4775400	G	T	-0.000792598	0.000452647	0.0799411	0.498516	361194	1.0371	2.81951e-07
15	68034150	rs12905397	T	C	-0.000271265	0.000455156	0.551188	0.546477	361194	1.0371	1.04814e-06
15	74147244	rs1823718	A	G	-0.000839002	0.000451449	0.063103	0.490767	361194	1.0371	4.57039e-07
15	76175128	rs4886748	C	A	-0.000205985	0.000451928	0.64854	0.51679	361194	1.0371	6.00581e-07
15	84274591	rs1896797	G	A	0.00141337	0.000461958	0.00221707	0.489956	361194	1.0371	7.25159e-07
15	86278479	rs16943741	A	G	0.000932238	0.000467179	0.0459928	0.537134	361194	1.0371	9.89781e-07
15	89688115	rs8025377	T	C	0.00062562	0.000453782	0.167995	0.492636	361194	1.0371	4.842e-07
15	95335856	rs11073390	T	C	0.000753179	0.000452454	0.095982	0.547794	361194	1.0371	2.86039e-07
15	102041143	rs746428	G	A	4.55343e-06	0.000451045	0.991945	0.472929	361194	1.0371	1.94175e-07
16	2006099	rs30254	C	T	-4.23165e-05	0.000460802	0.926831	0.492541	361194	1.0371	1.87745e-07
16	6266525	rs11077014	C	T	-0.000484241	0.000452501	0.284556	0.516042	361194	1.0371	1.5077e-07
16	12477223	rs2432625	C	T	0.00015731	0.000452158	0.727909	0.51412	361194	1.0371	6.17135e-07
16	13489119	rs4781458	A	G	0.000203909	0.000453468	0.652952	0.491119	361194	1.0371	3.56769e-07
16	19302326	rs179204	G	A	0.0008122	0.000454208	0.0737497	0.497903	361194	1.0371	3.45069e-07
16	31634221	rs12149755	A	G	-0.000293297	0.000452195	0.516594	0.511452	361194	1.0371	4.61959e-07
16	57942866	rs437947	C	A	0.000205906	0.000456612	0.652031	0.519416	361194	1.0371	2.27647e-07
16	59476179	rs2062113	T	C	0.000491014	0.000457493	0.28315	0.571519	361194	1.0371	8.28068e-07
16	70755144	rs17307464	G	A	-0.00081959	0.000455544	0.0719963	0.513353	361194	1.0371	5.06113e-07
16	73419727	rs8063372	G	T	-0.000865756	0.000453566	0.0562924	0.511996	361194	1.0371	3.02204e-07
16	78704199	rs1077963	T	C	-0.000296204	0.000450785	0.511128	0.506578	361194	1.0371	2.82859e-07
16	85201405	rs8054322	G	A	6.41487e-05	0.000456618	0.888276	0.480517	361194	1.0371	2.10114e-07
17	6295959	rs7210130	C	T	-2.20504e-05	0.000453407	0.961212	0.545632	361194	1.0371	1.96544e-07
17	6459079	rs11078638	C	T	0.000237642	0.000453164	0.599997	0.521575	361194	1.0371	2.59361e-07
17	26688663	rs708100	G	A	-0.000118299	0.000450787	0.792992	0.514476	361194	1.0371	4.35644e-07
17	29931617	rs223138	G	A	0.000139426	0.000457909	0.760761	0.485427	361194	1.0371	1.60291e-07
17	31873984	rs1013626	C	T	0.000746017	0.000451193	0.0982449	0.493859	361194	1.0371	4.89917e-07
17	40858841	rs2089115	T	C	0.000226498	0.000453194	0.617229	0.540138	361194	1.0371	6.76634e-07
17	45575206	rs9901869	G	A	0.00160566	0.000452359	0.000385985	0.518327	361194	1.0371	1.51804e-06
17	61530211	rs4968777	T	C	-0.000333274	0.000456336	0.465191	0.513351	361194	1.0371	9.03608e-07
17	64130204	rs874618	G	A	-0.000281025	0.000454856	0.536686	0.480287	361194	1.0371	5.3795e-07
17	75761003	rs7501958	C	T	0.000754807	0.000451199	0.0943496	0.497002	361194	1.0371	1.32997e-07
17	77335040	rs8076595	T	C	-0.00076274	0.000452717	0.0920259	0.493926	361194	1.0371	1.80234e-07
17	77422679	rs8076227	T	G	0.000164987	0.000457785	0.718547	0.529813	361194	1.0371	9.8932e-08
18	334742	rs2305027	C	T	0.000137441	0.000462801	0.766486	0.49714	361194	1.0371	1.1065e-07
18	6873354	rs2282522	G	A	0.000124928	0.00045368	0.783035	0.496421	361194	1.0371	2.20198e-07
18	14904133	rs1356570	T	C	-0.000217971	0.000453847	0.631033	0.482203	361194	1.0371	1.39716e-06
18	22916791	rs11661958	T	G	7.02035e-05	0.000451173	0.876347	0.487374	361194	1.0371	2.22868e-07
18	28048294	rs7230529	A	C	-0.000295195	0.000453653	0.515237	0.501654	361194	1.0371	5.4846e-07
18	29580394	rs11662928	T	C	0.00071396	0.000456476	0.117802	0.497755	361194	1.0371	2.43949e-07
18	43318644	rs11082467	T	C	-0.000199927	0.000451345	0.657797	0.478123	361194	1.0371	6.74234e-07
18	54004926	rs9636077	A	C	-0.0003319	0.000452592	0.463357	0.467825	361194	1.0371	5.02446e-07
18	56247180	rs9958735	T	C	0.000215047	0.000450498	0.63311	0.493412	361194	1.0371	2.52071e-07
18	57927870	rs2125020	C	T	-0.000393535	0.000451982	0.383926	0.531048	361194	1.0371	3.06486e-07
18	67302612	rs12959721	A	G	7.61288e-05	0.000458544	0.868139	0.553817	361194	1.0371	3.52425e-07
19	1101992	rs757228	A	G	3.73674e-05	0.000454751	0.934511	0.468353	361194	1.0371	2.67381e-07
19	8585167	rs2002073	A	C	-0.00104593	0.000454521	0.0213826	0.479245	361194	1.0371	2.69985e-07
19	17239566	rs7254359	G	A	-0.000225885	0.000451804	0.617101	0.500384	361194	1.0371	2.55299e-07
19	19866889	rs247784	G	T	0.000271522	0.000454698	0.55041	0.516479	361194	1.0371	3.36052e-07
19	31802550	rs10412617	A	G	0.000355173	0.000452278	0.432279	0.512004	361194	1.0371	1.88183e-07
19	33735880	rs11671565	T	C	0.000289197	0.000455682	0.52566	0.491758	361194	1.0371	1.95743e-07
19	33877749	rs8111294	C	T	-0.00019876	0.000452397	0.660409	0.487897	361194	1.0371	4.61002e-07
19	47980153	rs2293424	G	A	-0.00023681	0.000457047	0.604367	0.472338	361194	1.0371	2.26354e-07
19	48829228	rs8182501	T	C	0.000122543	0.00045238	0.786481	0.51855	361194	1.0371	4.11915e-07
19	51365952	rs8112276	G	A	0.000588835	0.000453685	0.194325	0.496032	361194	1.0371	1.67404e-07
20	1388219	rs4814229	G	A	-0.000516288	0.00045069	0.251983	0.498596	361194	1.0371	5.1536e-07
20	2126089	rs2153740	A	G	-4.38544e-05	0.000453951	0.923039	0.47971	361194	1.0371	3.97686e-07
20	5253641	rs6038108	T	C	-8.70044e-05	0.000451743	0.847275	0.504253	361194	1.0371	9.51517e-07
20	16183972	rs3904199	A	G	-0.00029048	0.000451708	0.520179	0.505426	361194	1.0371	2.77266e-07
20	21054993	rs6113120	G	A	0.000155981	0.0004533	0.73077	0.506801	361194	1.0371	8.24401e-07
20	29843182	rs6141536	A	G	0.000204465	0.000451004	0.650291	0.516616	361194	1.0371	2.3502e-06
20	43086992	rs6031612	T	C	-0.000390453	0.000451464	0.387116	0.483521	361194	1.0371	1.94361e-07
20	45472324	rs2151389	C	T	-0.000521337	0.000452507	0.249278	0.503241	361194	1.0371	3.1428e-07
20	55745681	rs10375	A	G	0.000329511	0.000454026	0.46799	0.513688	361194	1.0371	3.02912e-07
20	60379718	rs6061834	G	T	0.000825119	0.000466546	0.0769662	0.542519	361194	1.0371	6.62263e-08
21	15948846	rs2822776	C	T	0.000768264	0.000457366	0.0930058	0.479991	361194	1.0371	3.40729e-07
21	21635038	rs4818561	T	G	0.000280008	0.000456181	0.53934	0.516635	361194	1.0371	2.58249e-07
21	34244933	rs8131559	G	A	0.000882339	0.000452474	0.0511729	0.52367	361194	1.0371	6.58658e-07
21	39815212	rs2836400	T	C	0.000400761	0.000453207	0.376547	0.49021	361194	1.0371	1.16381e-07
22	19950235	rs4633	C	T	0.000566405	0.000452861	0.211035	0.516612	361194	1.0371	2.85738e-07
22	27537502	rs956548	T	C	-0.000694718	0.000455848	0.127507	0.514133	361194	1.0371	8.01013e-08
22	38476579	rs5756908	C	T	-0.000130386	0.00045151	0.772752	0.497581	361194	1.0371	6.56001e-07
22	44783779	rs19985	A	G	0.000368423	0.000451015	0.414001	0.517421	361194	1.0371	1.83985e-07
